59465
25816
28409
33232
37710
41270
46798
32508
7877
42738
63576
57701
3795
45282
20035
44863
58048
61001
1868
28140
31110
22986
19718
2369
42762
46555
633
36024
44184
55516
35531
65236
26984
16354
43578
63023
23483
9915
63490
12119
32440
51688
52615
24708
54508
42102
27016
18100
63820
23586
13458
54604
26938
4674
374
6104
49007
11145
34991
41892
47675
36035
43837
65129
27988
16998
43105
38634
16621
36276
64628
28148
35550
10042
9588
22612
25658
62723
52996
30448
29450
34375
41618
42979
24165
61362
5279
62503
34794
30219
25800
26473
510
10769
46754
1414
62316
52105
46273
18616
10305
6941
53463
30550
17008
5931
39641
20013
13289
24348
14530
46935
40152
20360
6202
13085
40162
1992
3664
852
15002
58232
16020
16358
60010
32919
1583
36625
64265
59685
28479
941
55929
9718
14624
31171
45254
25618
39378
60409
46741
63105
34556
36186
51753
10305
35179
47301
65377
54681
1865
60511
31489
46325
12103
22964
43399
44762
38047
1323
29177
32180
24669
55164
8150
27217
15145
23468
28951
31888
43805
35515
8105
2418
13831
64785
54791
38090
49544
1990
19963
30007
12906
47875
15416
16744
29504
54560
5306
32233
49820
40525
59389
18247
23106
14519
61747
19814
18014
23309
38702
42685
11370
9743
56760
5377
4412
62175
43269
54505
6911
40428
59857
4166
17109
7062
19499
22828
51412
40499
26010
3629
38951
29549
34620
18293
9925
5909
15901
37540
30819
1487
32040
46175
62885
14508
18903
19045
41696
9750
17470
11331
50131
53928
19877
64390
12062
12268
982
27325
64533
28085
29645
21822
772
20257
53699
3152
632
15537
51182
453
32454
2858
63018
47130
27452
487
3060
9545
57617
62616
53584
19410
3877
35536
58224
1388
53619
32057
40057
59506
8097
29480
58341
60594
37413
46527
41982
23123
25774
30286
37353
32220
38306
26120
26145
15264
32110
46132
46134
37666
38831
46967
14162
23633
21440
62818
44802
30129
58567
29429
43479
28454
62056
10193
52017
45550
11794
42622
64557
46937
38027
1173
26190
3436
9034
24676
15990
30439
5264
3240
2386
11134
3908
4250
46286
10676
55202
53575
19863
15844
57083
2745
14704
11763
62073
51896
18593
46846
20052
38301
1766
22154
35595
54878
61566
21366
28919
61361
24522
2133
27226
54140
35813
63831
28913
45405
65217
61333
18566
48147
51828
56061
10246
296
5813
3806
40137
1447
37530
1120
11229
8063
61576
58704
41482
3050
60425
63885
107
59960
57521
44539
53298
50574
44754
21860
26454
6708
25741
18091
16750
2503
51329
26607
11813
10185
46155
8331
23038
15152
63954
43995
28790
62672
64440
47432
36944
17195
59602
35560
65189
38265
47468
32701
25202
26341
17560
20847
31871
54092
30970
45879
23851
42389
32993
24890
55037
20464
14909
49389
38972
64942
24872
44108
58150
32679
23774
57142
12957
11524
9252
16499
21375
3475
54432
10891
10424
15919
41392
13474
46280
40494
49194
21625
21996
31650
5772
39289
52686
20125
14651
2301
37354
12101
43649
9854
37275
49576
23191
35571
41392
60299
63180
15840
52836
1438
1302
44177
9001
63814
62433
35034
59085
8290
58007
13601
45506
60355
48876
57084
11923
39260
33490
63847
16767
19173
39074
25336
63129
60198
13111
26722
5457
47433
22582
49087
61423
24853
24686
4712
50367
64179
20128
14589
20562
34573
58637
48323
31792
50504
16245
53844
3637
64556
42662
59453
588
22094
42501
10449
40287
11074
18240
19809
5212
22911
63109
47750
53406
9779
32478
46409
23189
53293
60519
16454
59436
41880
58786
49731
36015
19382
16445
28132
24495
59484
38060
44971
24134
64784
20665
58750
49681
14612
2267
52412
29133
53608
25514
27308
42102
18771
8170
31296
57388
4635
9488
27291
60714
335
56751
48977
55870
50315
62363
48761
46653
56432
58469
7592
35021
21644
23354
9643
28453
5572
12369
10783
38598
60025
55173
21943
23473
53594
46110
37465
49335
11291
39213
42464
12804
29697
59598
42192
23526
3587
37563
19671
25728
25859
16665
9383
1660
51450
33352
57094
38862
34741
46474
12037
39323
64931
1785
15437
57445
54545
19401
15323
1384
36477
4710
25667
42559
40874
37073
53329
63049
48854
12095
47180
30893
13990
31499
19786
492
45925
10183
2837
44897
52895
3713
24750
41437
34712
36872
32074
28975
53643
27317
1136
28853
51403
39119
36758
39964
63754
40639
41599
63016
20223
22992
580
5556
57541
48571
59667
52611
6324
29331
4871
15809
4279
12996
5902
6499
1544
31470
27085
39133
55686
16613
3168
1703
3399
15683
36251
19326
48976
61639
13973
38897
51575
7618
2776
43373
39305
27419
34328
4670
4517
25437
35975
61645
205
58345
62658
10834
40425
20538
2638
17178
7630
51273
51898
33310
40301
6336
54617
4566
28345
54596
47820
7239
34558
53670
48739
32703
41657
7115
9139
11126
23509
24198
51084
43715
15729
47880
16383
2604
2739
17382
54447
28180
20124
18301
53904
14113
40825
191
38250
61197
11312
27310
59859
59785
29143
15592
29713
13003
51099
17489
43062
12209
37823
43766
44331
3505
59666
31547
40069
37332
22184
62839
54092
63787
22013
47490
6431
57894
56550
28815
60245
49005
43505
33946
9528
14947
21136
37480
64883
30743
29657
65366
6042
9830
38844
26104
28524
986
64293
10511
42642
41628
56335
17680
48400
4244
60207
39542
15626
58457
59887
10158
11224
45709
1326
38322
45285
55633
42431
49172
59154
51895
58207
31965
2867
60106
37898
27669
35353
50465
51775
26376
61140
55376
3966
48527
32387
46604
32518
39249
20100
27883
13842
64804
48188
32569
7341
7853
36743
26925
31430
37763
27132
29301
60224
38526
60003
15258
14282
46825
38034
55669
20288
38674
55128
2106
37654
5033
46049
59001
332
44698
39047
3926
34198
26587
64683
54365
57452
8780
32777
47799
56213
13197
36446
26626
56216
2210
25675
30693
37638
45060
25755
38970
41325
16639
53632
3379
4806
14849
37930
56475
65319
6185
60168
18095
21509
15358
50044
34541
6723
7763
39937
44835
15724
28389
65294
38423
64108
53435
43642
35027
7596
63680
566
42161
11160
15876
31987
24746
27022
35395
52529
61618
39541
47576
58912
26088
40885
7499
59787
64724
12165
2435
5923
10140
31390
24504
3619
63397
6029
12413
60581
30836
26520
10011
60523
59237
6719
10540
10127
172
36803
33598
53426
38186
55859
